-10 11 11 11 11 11 1 1 1 1 11 1 1 1 1 11 1 1 1 1
11 -9 11 11 11 1 11 1 1 2 1 11 1 1 1 1 11 1 1 1
11 11 -9 11 11 1 1 11 1 1 1 1 11 1 1 1 1 11 1 1
11 11 11 -9 11 1 1 1 11 2 1 1 1 11 1 1 1 1 11 1
11 11 11 11 -9 1 2 1 1 11 1 1 1 1 11 1 1 1 1 11
11 1 1 1 1 -9 11 11 11 11 11 1 1 1 1 11 1 1 1 1
1 11 1 1 2 11 -9 11 11 11 1 11 1 1 2 1 11 1 1 1
1 1 11 1 1 11 11 -9 11 11 1 1 11 1 1 1 1 11 1 1
1 1 1 11 1 11 11 11 -9 11 1 1 1 11 2 1 1 1 11 1
1 2 1 2 11 11 11 11 11 -9 1 2 1 1 11 1 1 1 1 11
11 1 1 1 1 11 1 1 1 1 -9 11 11 11 11 11 1 1 1 1
1 11 1 1 1 1 11 1 1 2 11 -9 11 11 11 1 11 1 1 2
1 1 11 1 1 1 1 11 1 1 11 11 -9 11 11 1 1 11 1 1
1 1 1 11 1 1 1 1 11 1 11 11 11 -9 11 1 1 1 11 2
1 1 1 1 11 1 2 1 2 11 11 11 11 11 -9 1 2 1 1 11
11 1 1 1 1 11 1 1 1 1 11 1 1 1 1 -9 11 11 11 11
1 11 1 1 1 1 11 1 1 1 1 11 1 1 2 11 -9 11 11 11
1 1 11 1 1 1 1 11 1 1 1 1 11 1 1 11 11 -9 11 11
1 1 1 11 1 1 1 1 11 1 1 1 1 11 1 11 11 11 -10 11
1 1 1 1 11 1 1 1 1 11 1 2 1 2 11 11 11 11 11 -9
