-6 37 37 37 37 2 1 1 1 1 2 1 1 1 1
37 -5 37 37 37 1 2 1 1 1 1 2 1 1 1
37 37 -5 37 37 1 1 2 1 1 1 1 2 1 1
37 37 37 -5 37 1 1 1 2 1 1 1 1 2 1
37 37 37 37 -5 1 2 1 1 2 1 1 1 1 2
2 1 1 1 1 -5 37 37 37 37 2 1 1 1 1
1 2 1 1 2 37 -5 37 37 37 1 2 1 1 1
1 1 2 1 1 37 37 -5 37 37 1 1 2 1 1
1 1 1 2 1 37 37 37 -5 37 1 1 1 2 1
1 1 1 1 2 37 37 37 37 -5 1 2 1 1 2
2 1 1 1 1 2 1 1 1 1 -5 37 37 37 37
1 2 1 1 1 1 2 1 1 2 37 -5 37 37 37
1 1 2 1 1 1 1 2 1 1 37 37 -5 37 37
1 1 1 2 1 1 1 1 2 1 37 37 37 -5 37
1 1 1 1 2 1 1 1 1 2 37 37 37 37 -6
