-8.915375999999999976e+02 1.020000000000000000e+02 1.020000000000000000e+02 1.020000000000000000e+02 1.020000000000000000e+02 1.010000000000000000e+02 1.010000000000000000e+02 1.010000000000000000e+02 1.010000000000000000e+02 1.000000000000000000e+02 1.000000000000000000e+02 1.000000000000000000e+02 1.000000000000000000e+02 1.000000000000000000e+02 1.000000000000000000e+02
1.020000000000000000e+02 -8.883636999999999944e+02 1.020000000000000000e+02 1.020000000000000000e+02 1.020000000000000000e+02 1.010000000000000000e+02 1.000000000000000000e+02 1.000000000000000000e+02 1.000000000000000000e+02 1.010000000000000000e+02 1.010000000000000000e+02 1.010000000000000000e+02 1.000000000000000000e+02 1.000000000000000000e+02 1.000000000000000000e+02
1.020000000000000000e+02 1.020000000000000000e+02 -8.977544000000000324e+02 1.020000000000000000e+02 1.020000000000000000e+02 1.000000000000000000e+02 1.010000000000000000e+02 1.000000000000000000e+02 1.000000000000000000e+02 1.010000000000000000e+02 1.000000000000000000e+02 1.000000000000000000e+02 1.010000000000000000e+02 1.010000000000000000e+02 1.000000000000000000e+02
1.020000000000000000e+02 1.020000000000000000e+02 1.020000000000000000e+02 -8.952939999999999827e+02 1.020000000000000000e+02 1.000000000000000000e+02 1.000000000000000000e+02 1.010000000000000000e+02 1.000000000000000000e+02 1.000000000000000000e+02 1.010000000000000000e+02 1.000000000000000000e+02 1.010000000000000000e+02 1.000000000000000000e+02 1.010000000000000000e+02
1.020000000000000000e+02 1.020000000000000000e+02 1.020000000000000000e+02 1.020000000000000000e+02 -8.827048999999999523e+02 1.000000000000000000e+02 1.000000000000000000e+02 1.000000000000000000e+02 1.020000000000000000e+02 1.000000000000000000e+02 1.000000000000000000e+02 1.020000000000000000e+02 1.000000000000000000e+02 1.020000000000000000e+02 1.020000000000000000e+02
1.010000000000000000e+02 1.010000000000000000e+02 1.000000000000000000e+02 1.000000000000000000e+02 1.000000000000000000e+02 -8.967640000000000100e+02 1.010000000000000000e+02 1.010000000000000000e+02 1.010000000000000000e+02 1.010000000000000000e+02 1.010000000000000000e+02 1.010000000000000000e+02 1.000000000000000000e+02 1.000000000000000000e+02 1.000000000000000000e+02
1.010000000000000000e+02 1.000000000000000000e+02 1.010000000000000000e+02 1.000000000000000000e+02 1.000000000000000000e+02 1.010000000000000000e+02 -8.971122000000000298e+02 1.010000000000000000e+02 1.010000000000000000e+02 1.010000000000000000e+02 1.000000000000000000e+02 1.000000000000000000e+02 1.010000000000000000e+02 1.010000000000000000e+02 1.000000000000000000e+02
1.010000000000000000e+02 1.000000000000000000e+02 1.000000000000000000e+02 1.010000000000000000e+02 1.000000000000000000e+02 1.010000000000000000e+02 1.010000000000000000e+02 -8.963129999999999882e+02 1.010000000000000000e+02 1.000000000000000000e+02 1.010000000000000000e+02 1.000000000000000000e+02 1.010000000000000000e+02 1.000000000000000000e+02 1.010000000000000000e+02
1.010000000000000000e+02 1.000000000000000000e+02 1.000000000000000000e+02 1.000000000000000000e+02 1.020000000000000000e+02 1.010000000000000000e+02 1.010000000000000000e+02 1.010000000000000000e+02 -8.929746000000000095e+02 1.000000000000000000e+02 1.000000000000000000e+02 1.020000000000000000e+02 1.000000000000000000e+02 1.020000000000000000e+02 1.020000000000000000e+02
1.000000000000000000e+02 1.010000000000000000e+02 1.010000000000000000e+02 1.000000000000000000e+02 1.000000000000000000e+02 1.010000000000000000e+02 1.010000000000000000e+02 1.000000000000000000e+02 1.000000000000000000e+02 -8.913685000000000400e+02 1.010000000000000000e+02 1.010000000000000000e+02 1.010000000000000000e+02 1.010000000000000000e+02 1.000000000000000000e+02
1.000000000000000000e+02 1.010000000000000000e+02 1.000000000000000000e+02 1.010000000000000000e+02 1.000000000000000000e+02 1.010000000000000000e+02 1.000000000000000000e+02 1.010000000000000000e+02 1.000000000000000000e+02 1.010000000000000000e+02 -8.902324999999999591e+02 1.010000000000000000e+02 1.010000000000000000e+02 1.000000000000000000e+02 1.010000000000000000e+02
1.000000000000000000e+02 1.010000000000000000e+02 1.000000000000000000e+02 1.000000000000000000e+02 1.020000000000000000e+02 1.010000000000000000e+02 1.000000000000000000e+02 1.000000000000000000e+02 1.020000000000000000e+02 1.010000000000000000e+02 1.010000000000000000e+02 -8.967548000000000457e+02 1.000000000000000000e+02 1.020000000000000000e+02 1.020000000000000000e+02
1.000000000000000000e+02 1.000000000000000000e+02 1.010000000000000000e+02 1.010000000000000000e+02 1.000000000000000000e+02 1.000000000000000000e+02 1.010000000000000000e+02 1.010000000000000000e+02 1.000000000000000000e+02 1.010000000000000000e+02 1.010000000000000000e+02 1.000000000000000000e+02 -8.995352000000000317e+02 1.010000000000000000e+02 1.010000000000000000e+02
1.000000000000000000e+02 1.000000000000000000e+02 1.010000000000000000e+02 1.000000000000000000e+02 1.020000000000000000e+02 1.000000000000000000e+02 1.010000000000000000e+02 1.000000000000000000e+02 1.020000000000000000e+02 1.010000000000000000e+02 1.000000000000000000e+02 1.020000000000000000e+02 1.010000000000000000e+02 -8.880579000000000178e+02 1.020000000000000000e+02
1.000000000000000000e+02 1.000000000000000000e+02 1.000000000000000000e+02 1.010000000000000000e+02 1.020000000000000000e+02 1.000000000000000000e+02 1.000000000000000000e+02 1.010000000000000000e+02 1.020000000000000000e+02 1.000000000000000000e+02 1.010000000000000000e+02 1.020000000000000000e+02 1.010000000000000000e+02 1.020000000000000000e+02 -8.869220000000000255e+02
