-11 4 4 4 4 4 1 1 1 1 4 1 1 1 1 4 1 1 1 1 4 1 1 1 1
4 -9 4 4 4 1 4 1 1 1 1 4 1 1 1 1 4 1 1 1 1 4 1 1 1
4 4 -9 4 4 1 1 4 1 1 1 1 4 1 1 1 1 4 1 1 1 1 4 1 1
4 4 4 -9 4 1 1 1 4 1 1 1 1 4 1 1 1 1 4 1 1 1 1 4 1
4 4 4 4 -9 1 2 1 1 4 1 1 1 1 4 1 1 1 1 4 1 1 1 1 4
4 1 1 1 1 -9 4 4 4 4 4 1 1 1 1 4 1 1 1 1 4 1 1 1 1
1 4 1 1 2 4 -9 4 4 4 1 4 1 1 1 1 4 1 1 1 1 4 1 1 1
1 1 4 1 1 4 4 -9 4 4 1 1 4 1 1 1 1 4 1 1 1 1 4 1 1
1 1 1 4 1 4 4 4 -9 4 1 1 1 4 1 1 1 1 4 1 1 1 1 4 1
1 1 1 1 4 4 4 4 4 -9 1 2 1 1 4 1 1 1 1 4 1 1 1 1 4
4 1 1 1 1 4 1 1 1 1 -9 4 4 4 4 4 1 1 1 1 4 1 1 1 1
1 4 1 1 1 1 4 1 1 2 4 -9 4 4 4 1 4 1 1 1 1 4 1 1 1
1 1 4 1 1 1 1 4 1 1 4 4 -9 4 4 1 1 4 1 1 1 1 4 1 1
1 1 1 4 1 1 1 1 4 1 4 4 4 -9 4 1 1 1 4 1 1 1 1 4 1
1 1 1 1 4 1 1 1 1 4 4 4 4 4 -9 1 2 1 1 4 1 1 1 1 4
4 1 1 1 1 4 1 1 1 1 4 1 1 1 1 -9 4 4 4 4 4 1 1 1 1
1 4 1 1 1 1 4 1 1 1 1 4 1 1 2 4 -9 4 4 4 1 4 1 1 1
1 1 4 1 1 1 1 4 1 1 1 1 4 1 1 4 4 -9 4 4 1 1 4 1 1
1 1 1 4 1 1 1 1 4 1 1 1 1 4 1 4 4 4 -9 4 1 1 1 4 1
1 1 1 1 4 1 1 1 1 4 1 1 1 1 4 4 4 4 4 -9 1 2 1 1 4
4 1 1 1 1 4 1 1 1 1 4 1 1 1 1 4 1 1 1 1 -9 4 4 4 4
1 4 1 1 1 1 4 1 1 1 1 4 1 1 1 1 4 1 1 2 4 -9 4 4 4
1 1 4 1 1 1 1 4 1 1 1 1 4 1 1 1 1 4 1 1 4 4 -9 4 4
1 1 1 4 1 1 1 1 4 1 1 1 1 4 1 1 1 1 4 1 4 4 4 -9 4
1 1 1 1 4 1 1 1 1 4 1 1 1 1 4 1 1 1 1 4 4 4 4 4 -10
