-13 12 12 12 12 3 2 2 2 2 3 2 2 2 2
12 -10 12 12 12 2 3 2 2 2 2 3 2 2 2
12 12 -10 12 12 2 2 3 2 2 2 2 3 2 2
12 12 12 -10 12 2 2 2 3 2 2 2 2 3 2
12 12 12 12 -10 2 3 2 2 3 2 2 2 2 3
3 2 2 2 2 -10 12 12 12 12 3 2 2 2 2
2 3 2 2 3 12 -10 12 12 12 2 3 2 2 2
2 2 3 2 2 12 12 -10 12 12 2 2 3 2 2
2 2 2 3 2 12 12 12 -10 12 2 2 2 3 2
2 2 2 2 3 12 12 12 12 -10 2 3 2 2 3
3 2 2 2 2 3 2 2 2 2 -10 12 12 12 12
2 3 2 2 2 2 3 2 2 3 12 -10 12 12 12
2 2 3 2 2 2 2 3 2 2 12 12 -10 12 12
2 2 2 3 2 2 2 2 3 2 12 12 12 -10 12
2 2 2 2 3 2 2 2 2 3 12 12 12 12 -13
