-4.600885892333973004e+01 3.087065318216955490e+01 3.087065318216955490e+01 3.087065318216955490e+01 3.087065318216955490e+01 1.290310062316890516e+01 9.700994016433336142e+00 9.451611936595188723e+00 9.434997280196970593e+00 9.632426350596924536e+00 1.290310062316890516e+01 9.201771784667945653e+00 9.201771784667945653e+00 9.201771784667945653e+00 9.201771784667945653e+00
3.087065318216955490e+01 -4.600885892333973004e+01 3.087065318216955490e+01 3.087065318216955490e+01 3.087065318216955490e+01 9.700994016433336142e+00 1.290310062316890516e+01 9.852439329306116989e+00 9.404354166070218568e+00 1.012245373949058624e+01 9.201771784667945653e+00 1.290310062316890516e+01 9.201771784667945653e+00 9.201771784667945653e+00 9.201771784667945653e+00
3.087065318216955490e+01 3.087065318216955490e+01 -5.127307814900703420e+01 3.087065318216955490e+01 3.087065318216955490e+01 9.451611936595188723e+00 9.852439329306116989e+00 1.290310062316890516e+01 9.709062765419375296e+00 9.452050922347238426e+00 9.201771784667945653e+00 9.201771784667945653e+00 1.290310062316890516e+01 9.201771784667945653e+00 9.201771784667945653e+00
3.087065318216955490e+01 3.087065318216955490e+01 3.087065318216955490e+01 -4.600885892333973004e+01 3.087065318216955490e+01 9.434997280196970593e+00 9.404354166070218568e+00 9.709062765419375296e+00 1.290310062316890516e+01 9.867030833977498361e+00 9.201771784667945653e+00 9.201771784667945653e+00 9.201771784667945653e+00 1.290310062316890516e+01 9.201771784667945653e+00
3.087065318216955490e+01 3.087065318216955490e+01 3.087065318216955490e+01 3.087065318216955490e+01 -4.600885892333973004e+01 9.632426350596924536e+00 1.012245373949058624e+01 9.452050922347238426e+00 9.867030833977498361e+00 1.290310062316890516e+01 9.201771784667945653e+00 9.201771784667945653e+00 9.201771784667945653e+00 9.201771784667945653e+00 1.290310062316890516e+01
1.290310062316890516e+01 9.700994016433336142e+00 9.451611936595188723e+00 9.434997280196970593e+00 9.632426350596924536e+00 -4.600885892333973004e+01 3.087065318216955490e+01 3.087065318216955490e+01 3.087065318216955490e+01 3.087065318216955490e+01 1.290310062316890516e+01 9.700994016433336142e+00 9.451611936595188723e+00 9.434997280196970593e+00 9.632426350596924536e+00
9.700994016433336142e+00 1.290310062316890516e+01 9.852439329306116989e+00 9.404354166070218568e+00 1.012245373949058624e+01 3.087065318216955490e+01 -4.600885892333973004e+01 3.087065318216955490e+01 3.087065318216955490e+01 3.087065318216955490e+01 9.700994016433336142e+00 1.290310062316890516e+01 9.852439329306116989e+00 9.404354166070218568e+00 1.012245373949058624e+01
9.451611936595188723e+00 9.852439329306116989e+00 1.290310062316890516e+01 9.709062765419375296e+00 9.452050922347238426e+00 3.087065318216955490e+01 3.087065318216955490e+01 -4.600885892333973004e+01 3.087065318216955490e+01 3.087065318216955490e+01 9.451611936595188723e+00 9.852439329306116989e+00 1.290310062316890516e+01 9.709062765419375296e+00 9.452050922347238426e+00
9.434997280196970593e+00 9.404354166070218568e+00 9.709062765419375296e+00 1.290310062316890516e+01 9.867030833977498361e+00 3.087065318216955490e+01 3.087065318216955490e+01 3.087065318216955490e+01 -4.600885892333973004e+01 3.087065318216955490e+01 9.434997280196970593e+00 9.404354166070218568e+00 9.709062765419375296e+00 1.290310062316890516e+01 9.867030833977498361e+00
9.632426350596924536e+00 1.012245373949058624e+01 9.452050922347238426e+00 9.867030833977498361e+00 1.290310062316890516e+01 3.087065318216955490e+01 3.087065318216955490e+01 3.087065318216955490e+01 3.087065318216955490e+01 -4.600885892333973004e+01 9.632426350596924536e+00 1.012245373949058624e+01 9.452050922347238426e+00 9.867030833977498361e+00 1.290310062316890516e+01
1.290310062316890516e+01 9.201771784667945653e+00 9.201771784667945653e+00 9.201771784667945653e+00 9.201771784667945653e+00 1.290310062316890516e+01 9.700994016433336142e+00 9.451611936595188723e+00 9.434997280196970593e+00 9.632426350596924536e+00 -4.600885892333973004e+01 3.087065318216955490e+01 3.087065318216955490e+01 3.087065318216955490e+01 3.087065318216955490e+01
9.201771784667945653e+00 1.290310062316890516e+01 9.201771784667945653e+00 9.201771784667945653e+00 9.201771784667945653e+00 9.700994016433336142e+00 1.290310062316890516e+01 9.852439329306116989e+00 9.404354166070218568e+00 1.012245373949058624e+01 3.087065318216955490e+01 -4.600885892333973004e+01 3.087065318216955490e+01 3.087065318216955490e+01 3.087065318216955490e+01
9.201771784667945653e+00 9.201771784667945653e+00 1.290310062316890516e+01 9.201771784667945653e+00 9.201771784667945653e+00 9.451611936595188723e+00 9.852439329306116989e+00 1.290310062316890516e+01 9.709062765419375296e+00 9.452050922347238426e+00 3.087065318216955490e+01 3.087065318216955490e+01 -4.600885892333973004e+01 3.087065318216955490e+01 3.087065318216955490e+01
9.201771784667945653e+00 9.201771784667945653e+00 9.201771784667945653e+00 1.290310062316890516e+01 9.201771784667945653e+00 9.434997280196970593e+00 9.404354166070218568e+00 9.709062765419375296e+00 1.290310062316890516e+01 9.867030833977498361e+00 3.087065318216955490e+01 3.087065318216955490e+01 3.087065318216955490e+01 -4.600885892333973004e+01 3.087065318216955490e+01
9.201771784667945653e+00 9.201771784667945653e+00 9.201771784667945653e+00 9.201771784667945653e+00 1.290310062316890516e+01 9.632426350596924536e+00 1.012245373949058624e+01 9.452050922347238426e+00 9.867030833977498361e+00 1.290310062316890516e+01 3.087065318216955490e+01 3.087065318216955490e+01 3.087065318216955490e+01 3.087065318216955490e+01 -5.015096853617338013e+01
