-8.007999999999999545e+02 5.002000000000000455e+02 5.002000000000000455e+02 5.002000000000000455e+02 5.002000000000000455e+02 3.001999999999999886e+02 1.007081575004532965e+02 1.003520255375189549e+02 1.003478551728744890e+02 1.004950108314962733e+02 3.001999999999999886e+02 1.000999999999999943e+02 1.000999999999999943e+02 1.000999999999999943e+02 1.000999999999999943e+02 3.001999999999999886e+02 1.000999999999999943e+02 1.000999999999999943e+02 1.000999999999999943e+02 1.000999999999999943e+02
5.002000000000000455e+02 -7.006999999999999318e+02 5.002000000000000455e+02 5.002000000000000455e+02 5.002000000000000455e+02 1.004902869630774802e+02 3.001999999999999886e+02 1.007270911468025503e+02 1.002947092673709477e+02 1.009413639096452755e+02 1.000999999999999943e+02 3.001999999999999886e+02 1.000999999999999943e+02 1.000999999999999943e+02 1.000999999999999943e+02 1.000999999999999943e+02 3.001999999999999886e+02 1.000999999999999943e+02 1.000999999999999943e+02 1.000999999999999943e+02
5.002000000000000455e+02 5.002000000000000455e+02 -7.006999999999999318e+02 5.002000000000000455e+02 5.002000000000000455e+02 1.003476547663355092e+02 1.007742439424737739e+02 3.001999999999999886e+02 1.005600856976533350e+02 1.003563963087024149e+02 1.000999999999999943e+02 1.000999999999999943e+02 3.001999999999999886e+02 1.000999999999999943e+02 1.000999999999999943e+02 1.000999999999999943e+02 1.000999999999999943e+02 3.001999999999999886e+02 1.000999999999999943e+02 1.000999999999999943e+02
5.002000000000000455e+02 5.002000000000000455e+02 5.002000000000000455e+02 -7.006999999999999318e+02 5.002000000000000455e+02 1.003185958181835531e+02 1.003104554954335867e+02 1.006544962638495235e+02 3.001999999999999886e+02 1.008654193745407355e+02 1.000999999999999943e+02 1.000999999999999943e+02 1.000999999999999943e+02 3.001999999999999886e+02 1.000999999999999943e+02 1.000999999999999943e+02 1.000999999999999943e+02 1.000999999999999943e+02 3.001999999999999886e+02 1.000999999999999943e+02
5.002000000000000455e+02 5.002000000000000455e+02 5.002000000000000455e+02 5.002000000000000455e+02 -7.006999999999999318e+02 1.005662983003616802e+02 1.010999999999999943e+02 1.003441619666561593e+02 1.006650987240783621e+02 3.001999999999999886e+02 1.000999999999999943e+02 1.000999999999999943e+02 1.000999999999999943e+02 1.000999999999999943e+02 3.001999999999999886e+02 1.000999999999999943e+02 1.000999999999999943e+02 1.000999999999999943e+02 1.000999999999999943e+02 3.001999999999999886e+02
3.001999999999999886e+02 1.004902869630774802e+02 1.003476547663355092e+02 1.003185958181835531e+02 1.005662983003616802e+02 -7.006999999999999318e+02 5.002000000000000455e+02 5.002000000000000455e+02 5.002000000000000455e+02 5.002000000000000455e+02 3.001999999999999886e+02 1.007081575004532965e+02 1.003520255375189549e+02 1.003478551728744890e+02 1.004950108314962733e+02 3.001999999999999886e+02 1.000999999999999943e+02 1.000999999999999943e+02 1.000999999999999943e+02 1.000999999999999943e+02
1.007081575004532965e+02 3.001999999999999886e+02 1.007742439424737739e+02 1.003104554954335867e+02 1.010999999999999943e+02 5.002000000000000455e+02 -7.006999999999999318e+02 5.002000000000000455e+02 5.002000000000000455e+02 5.002000000000000455e+02 1.004902869630774802e+02 3.001999999999999886e+02 1.007270911468025503e+02 1.002947092673709477e+02 1.009413639096452755e+02 1.000999999999999943e+02 3.001999999999999886e+02 1.000999999999999943e+02 1.000999999999999943e+02 1.000999999999999943e+02
1.003520255375189549e+02 1.007270911468025503e+02 3.001999999999999886e+02 1.006544962638495235e+02 1.003441619666561593e+02 5.002000000000000455e+02 5.002000000000000455e+02 -7.006999999999999318e+02 5.002000000000000455e+02 5.002000000000000455e+02 1.003476547663355092e+02 1.007742439424737739e+02 3.001999999999999886e+02 1.005600856976533350e+02 1.003563963087024149e+02 1.000999999999999943e+02 1.000999999999999943e+02 3.001999999999999886e+02 1.000999999999999943e+02 1.000999999999999943e+02
1.003478551728744890e+02 1.002947092673709477e+02 1.005600856976533350e+02 3.001999999999999886e+02 1.006650987240783621e+02 5.002000000000000455e+02 5.002000000000000455e+02 5.002000000000000455e+02 -7.006999999999999318e+02 5.002000000000000455e+02 1.003185958181835531e+02 1.003104554954335867e+02 1.006544962638495235e+02 3.001999999999999886e+02 1.008654193745407355e+02 1.000999999999999943e+02 1.000999999999999943e+02 1.000999999999999943e+02 3.001999999999999886e+02 1.000999999999999943e+02
1.004950108314962733e+02 1.009413639096452755e+02 1.003563963087024149e+02 1.008654193745407355e+02 3.001999999999999886e+02 5.002000000000000455e+02 5.002000000000000455e+02 5.002000000000000455e+02 5.002000000000000455e+02 -7.006999999999999318e+02 1.005662983003616802e+02 1.010999999999999943e+02 1.003441619666561593e+02 1.006650987240783621e+02 3.001999999999999886e+02 1.000999999999999943e+02 1.000999999999999943e+02 1.000999999999999943e+02 1.000999999999999943e+02 3.001999999999999886e+02
3.001999999999999886e+02 1.000999999999999943e+02 1.000999999999999943e+02 1.000999999999999943e+02 1.000999999999999943e+02 3.001999999999999886e+02 1.004902869630774802e+02 1.003476547663355092e+02 1.003185958181835531e+02 1.005662983003616802e+02 -7.006999999999999318e+02 5.002000000000000455e+02 5.002000000000000455e+02 5.002000000000000455e+02 5.002000000000000455e+02 3.001999999999999886e+02 1.007081575004532965e+02 1.003520255375189549e+02 1.003478551728744890e+02 1.004950108314962733e+02
1.000999999999999943e+02 3.001999999999999886e+02 1.000999999999999943e+02 1.000999999999999943e+02 1.000999999999999943e+02 1.007081575004532965e+02 3.001999999999999886e+02 1.007742439424737739e+02 1.003104554954335867e+02 1.010999999999999943e+02 5.002000000000000455e+02 -7.006999999999999318e+02 5.002000000000000455e+02 5.002000000000000455e+02 5.002000000000000455e+02 1.004902869630774802e+02 3.001999999999999886e+02 1.007270911468025503e+02 1.002947092673709477e+02 1.009413639096452755e+02
1.000999999999999943e+02 1.000999999999999943e+02 3.001999999999999886e+02 1.000999999999999943e+02 1.000999999999999943e+02 1.003520255375189549e+02 1.007270911468025503e+02 3.001999999999999886e+02 1.006544962638495235e+02 1.003441619666561593e+02 5.002000000000000455e+02 5.002000000000000455e+02 -7.006999999999999318e+02 5.002000000000000455e+02 5.002000000000000455e+02 1.003476547663355092e+02 1.007742439424737739e+02 3.001999999999999886e+02 1.005600856976533350e+02 1.003563963087024149e+02
1.000999999999999943e+02 1.000999999999999943e+02 1.000999999999999943e+02 3.001999999999999886e+02 1.000999999999999943e+02 1.003478551728744890e+02 1.002947092673709477e+02 1.005600856976533350e+02 3.001999999999999886e+02 1.006650987240783621e+02 5.002000000000000455e+02 5.002000000000000455e+02 5.002000000000000455e+02 -7.006999999999999318e+02 5.002000000000000455e+02 1.003185958181835531e+02 1.003104554954335867e+02 1.006544962638495235e+02 3.001999999999999886e+02 1.008654193745407355e+02
1.000999999999999943e+02 1.000999999999999943e+02 1.000999999999999943e+02 1.000999999999999943e+02 3.001999999999999886e+02 1.004950108314962733e+02 1.009413639096452755e+02 1.003563963087024149e+02 1.008654193745407355e+02 3.001999999999999886e+02 5.002000000000000455e+02 5.002000000000000455e+02 5.002000000000000455e+02 5.002000000000000455e+02 -7.006999999999999318e+02 1.005662983003616802e+02 1.010999999999999943e+02 1.003441619666561593e+02 1.006650987240783621e+02 3.001999999999999886e+02
3.001999999999999886e+02 1.000999999999999943e+02 1.000999999999999943e+02 1.000999999999999943e+02 1.000999999999999943e+02 3.001999999999999886e+02 1.000999999999999943e+02 1.000999999999999943e+02 1.000999999999999943e+02 1.000999999999999943e+02 3.001999999999999886e+02 1.004902869630774802e+02 1.003476547663355092e+02 1.003185958181835531e+02 1.005662983003616802e+02 -7.006999999999999318e+02 5.002000000000000455e+02 5.002000000000000455e+02 5.002000000000000455e+02 5.002000000000000455e+02
1.000999999999999943e+02 3.001999999999999886e+02 1.000999999999999943e+02 1.000999999999999943e+02 1.000999999999999943e+02 1.000999999999999943e+02 3.001999999999999886e+02 1.000999999999999943e+02 1.000999999999999943e+02 1.000999999999999943e+02 1.007081575004532965e+02 3.001999999999999886e+02 1.007742439424737739e+02 1.003104554954335867e+02 1.010999999999999943e+02 5.002000000000000455e+02 -7.006999999999999318e+02 5.002000000000000455e+02 5.002000000000000455e+02 5.002000000000000455e+02
1.000999999999999943e+02 1.000999999999999943e+02 3.001999999999999886e+02 1.000999999999999943e+02 1.000999999999999943e+02 1.000999999999999943e+02 1.000999999999999943e+02 3.001999999999999886e+02 1.000999999999999943e+02 1.000999999999999943e+02 1.003520255375189549e+02 1.007270911468025503e+02 3.001999999999999886e+02 1.006544962638495235e+02 1.003441619666561593e+02 5.002000000000000455e+02 5.002000000000000455e+02 -7.006999999999999318e+02 5.002000000000000455e+02 5.002000000000000455e+02
1.000999999999999943e+02 1.000999999999999943e+02 1.000999999999999943e+02 3.001999999999999886e+02 1.000999999999999943e+02 1.000999999999999943e+02 1.000999999999999943e+02 1.000999999999999943e+02 3.001999999999999886e+02 1.000999999999999943e+02 1.003478551728744890e+02 1.002947092673709477e+02 1.005600856976533350e+02 3.001999999999999886e+02 1.006650987240783621e+02 5.002000000000000455e+02 5.002000000000000455e+02 5.002000000000000455e+02 -7.006999999999999318e+02 5.002000000000000455e+02
1.000999999999999943e+02 1.000999999999999943e+02 1.000999999999999943e+02 1.000999999999999943e+02 3.001999999999999886e+02 1.000999999999999943e+02 1.000999999999999943e+02 1.000999999999999943e+02 1.000999999999999943e+02 3.001999999999999886e+02 1.004950108314962733e+02 1.009413639096452755e+02 1.003563963087024149e+02 1.008654193745407355e+02 3.001999999999999886e+02 5.002000000000000455e+02 5.002000000000000455e+02 5.002000000000000455e+02 5.002000000000000455e+02 -8.007999999999999545e+02
